
1740
1930
2098
2137
2142
2452
2621
2684
3483
3553
4258
4288
4475
4722
5567
6105
6484
7015
7347
7703
7846
8007
8600
10435
10466
13887
14285
15388
15953
16756
17222
17782
18781
19128
19339
19448
19613
20090
20133
20142
20476
20759
20827
21212
21265
21766
21878
21939
22099
22131
23100
23263
23271
23773
24073
24264
24720
24834
24893
25238
25728
26192
27167
27384
27795
27807
27918
28270
28471
29037
29216
29367
29378
29677
30358
31264
31798
31921
32358
32613
32823
33020
33206
33562
33615
33922
34189
34213
34572
34574
35058
35189
35385
35718
36291
36609
36762
36935
37396
37641
38262
38625
39021
39058
39318
39941
40365
40547
40719
41758
41899
42254
42311
42541
42757
42769
43003
43195
43231
43765
44150
44455
44608
44987
45123
45250
45356
45704
45907
46109
46167
46177
46299
46522
46673
46863
47392
47534
47786
47903
47945
48138
48225
48268
48460
48739
48858
49003
49266
49947
50817
51045
51696
51848
52012
52374
53744
53952
56539
56652
57257
58359
58743
59854
60541
60632
60939
60969
61203
61528
61598
61677
62857
63172
64083
64479
64583
64643
64787
65184
65294
65822
66216
66636
67038
67265
67999
68368
68883
69771
69879
70166
70765
70965
71165
71992
72849
72989
73033
73897
75021
77419
77497
78050
78669
79107
79232
80039
81072
81737
82081
82241
84038
84223
84738
85002
85339
85811
86320
87916
88303
88481
89408
89723
90000
90408
91311
92682
93731
93775
93980
94053
94448
95502
98714
100253
103087
103194
103859
104868
105603
105746
106921
107230
107416
107987
108913
109660
110815
111451
112231
112312
112601
113082
114029
114750
114932
115157
115254
115370
115554
116687
118523
118531
118869
118965
119139
119940
120095
120223
120316
120474
120841
121002
121166
122626
122844
123170
123485
123924
124442
124792
126264
126427
126972
127137
127339
127449
127543
127866
127948
128168
128989
129103
129228
129276
129467
129532
129729
130518
130701
131090
131297
132127
132385
132673
132754
133140
133613
133987
135314
135418
135718
136088
136561
137142
137313
137352
137562
137915
138060
138508
138611
139266
139508
139759
140123
141033
141111
141692
142191
143722
144722
144850
145228
145571
146138
146281
146387
147876
149084
149461
149510
151497
151689
152018
153263
153568
154213
154307
154725
155621
156601
156654
157081
157389
157811
157844
158309
159040
160440
160834
161018
161193
161243
161294
161630
162632
164444
165018
166146
168237
169651
169806
170045
171249
171590
173220
173338
173694
173992
174412
175300
175919
176253
176383
176880
177127
177289
177783
178793
179112
179212
180359
180611
181781
182199
182406
183053
184363
184412
184778
185921
186634
187526
188510
189253
190115
190466
190837
191142
191517
191579
191603
191656
191889
192051
193486
193886
194578
195024
195542
196203
196485
197710
197772
199130
200927
201354
203342
203526
203866
203922
204523
205046
205885
205929
207668
208210
208390
208613
208836
209943
210651
210935
212414
212974
213524
214761
214951
216174
216216
219012
220490
220869
221583
223395
223500
224901
226107
226566
227165
227171
228645
229605
230076
230324
230444
230746
231567
232385
233335
234106
235368
235435
235843
236989
237833
239215
241397
242808
243809
245457
246547
246802
246934
247390
248977
250153
250259
252019
252965
253117
255315
257784
258282
258854
258857
261102
266806
268557
268869
269140
272951
273082
273445
275424
278117
279835
280586
280853
281101
282103
283090
283127
285557
291338
292349
294579
296178
300247
300891
302003
302394
303465
306314
306426
309021
309647
311505
311803
315986
317700
318303
318667
319939
320852
322457
323199
323315
323426
326324
328015
329227
330904
331594
331697
331716
331889
331950
333611
334668
336065
337404
337486
339934
341305
343700
345659
345761
345926
347474
348746
350069
351485
351638
352826
353206
353469
354884
355258
356211
357254
357556
358342
358931
360757
361065
362348
362659
363260
365668
365709
365995
366393
367868
369718
369802
369869
370597
372013
374224
374520
376063
378212
379422
381430
383428
383606
384783
385791
386915
391599
393369
394813
395797
396055
396363
396529
396699
401125
402159
403911
404642
406243
407535
408205
410247
411171
412045
416415
417787
418025
419950
420679
421471
422090
426907
426928
426958
427944
429048
429060
430105
431774
433115
434374
434692
436676
438065
438495
439687
439826
439958
440786
441445
441824
441927
443097
443116
443984
445548
446921
447472
447753
448282
452512
454868
455599
456740
457382
461609
462092
466131
467451
468795
469382
471072
471711
471966
472694
472830
473572
476807
477941
480195
481222
484166
484801
487653
487877
488561
489108
489491
489837
490035
491971
492677
493820
494409
495663
496167
497705
498387
500310
502325
502710
503982
505639
505853
506442
507464
508032
509970
510050
511375
512487
512992
513165
514463
515154
515803
515870
516539
520257
523978
524607
526984
540235
542359
542953
543233
550282
550777
553173
554624
556313
558630
560529
562116
562280
566135
566298
566733
567860
571609
575741
576680
577920
578523
580805
581812
582314
584367
586183
588062
588888
590271
591147
592222
592539
592880
593071
593374
593836
594413
594621
595299
597599
597915
599821
601032
601783
604576
604617
605516
606079
606335
607780
607977
608791
609683
610167
610532
610538
611047
611433
614224
614489
617059
618267
618451
618878
620208
620752
621627
623162
623356
624026
624416
625055
628491
629911
632438
632627
633864
634472
635012
635850
636888
636921
637259
639556
641820
642045
642098
643250
644583
646833
647247
647542
647713
649760
649992
650353
651451
651991
654625
654885
655779
656507
657198
657260
657604
658052
658082
658942
661091
662681
665886
667822
669021
670261
671351
674607
675701
678666
678752
678923
680841
681094
681429
683280
685683
686447
689344
689550
690614
692130
692506
697389
697589
698088
698855
699815
700451
700884
701040
704690
708538
713558
715140
717358
719494
719734
720063
723542
724081
730052
732682
733632
733743
733883
735936
740336
740577
742320
744506
744916
746718
748282
748795
749230
750712
751567
752764
756338
758150
761713
766234
766418
770993
772189
772967
773432
775301
775693
776406
778363
778509
779133
779240
786195
788973
789138
791527
792202
794079
794825
794981
797697
802318
803325
803432
803617
804502
806502
807178
807461
809465
810481
810598
811248
811375
812274
812952
813044
813978
814611
816324
816481
817680
818466
819024
819709
822367
823436
823971
828990
829107
831191
831651
834009
834198
835032
835609
836705
838098
838856
839619
840902
841934
844254
847306
847340
851744
851994
852988
853195
854255
858917
859001
859758
859949
860611
861216
863513
868591
869596
870213
872541
872886
873251
874067
874806
875394
875422
875962
876874
877345
878456
879759
883297
884466
888477
888786
888796
890590
892467
894738
894980
896555
898804
900375
901083
901103
901345
902579
903894
904623
905842
907147
909363
912814
912960
913705
915556
916909
918872
923793
927049
927261
927978
928630
929586
930290
930368
930765
931974
933821
934199
935940
939105
939277
939444
939895
940384
940437
940842
940969
941990
942988
943837
946105
947077
947128
948071
948206
948670
949134
949548
950706
951247
951831
952524
952963
953559
954608
954751
955060
955601
958334
958896
962447
964694
964911
966477
972621
973077
975452
976508
978549
980527
983824
987071
987180
988028
993014
993529
993885
994210
995775
995838
996448
996969
997036
1000214
1001294
1002377
1003536
1008378
1009240
1009871
1010118
1010458
1011392
1011725
1012073
1012360
1012712
1015244
1017987
1018352
1019524
1020885
1023706
1023820
1024073
1027379
1027686
1028748
1029852
1030132
1030691
1033527
1033542
1035530
1037540
1037763
1047338
1048912
1050088
1050890
1051331
1053920
1057200
1057759
1062583
1066163
1066787
1067193
1067415
1067694
1068773
1072262
1073995
1076046
1077350
1080366
1083077
1085793
1087197
1090308
1090335
1090446
1094725
1097743
1102876
1103676
1105620
1106808
1108148
1111028
1115349
1119169
1123598
1126291
1127795
1129920
1133281
1134781
1134861
1135952
1136519
1136541
1143006
1143040
1143279
1143855
1144102
1144133
1149911
1151110
1152320
1152746
1154229
1156834
1158690
1158872
1159531
1159655
1160031
1161059
1161161
1161635
1161984
1166351
1168434
1168468
1169533
1169660
1170243
1170962
1173038
1173795
1175158
1175427
1176246
1176544
1176787
1177246
1178024
1179393
1182709
1184814
1187810
1194099
1195536
1196648
1197750
1198101
1198737
1198750
1200705
1200915
1201021
1202904
1203676
1205696
1207546
1207609
1210854
1211962
1212519
1212572
1214265
1220487
1220640
1221057
1221611
1222477
1223182
1224001
1224031
1227675
1230965
1236443
1236716
1237415
1238201
1239064
1239781
1242164
1247240
1248191
1260023
1264283
1270199
1270868
1272397
1273316
1273604
1275057
1275562
1279474
1280014
1286799
1291069
1291757
1291937
1292884
1295275
1296462
1303707
1307896
1308160
1314537
1315613
1315844
1317678
1321854
1323958
1324683
1325777
1326291
1331244
1332730
1335659
1337767
1338116
1338685
1338909
1339505
1340439
1342529
1345109
1346755
1348258
1348528
1349041
1350855
1352574
1354673
1355326
1356038
1356365
1356515
1361863
1367772
1369663
1376245
1377721
1378556
1379844
1380638
1382086
1383756
1385330
1386234
1389170
1391351
1393976
1394922
1395229
1395330
1395488
1397385
1400044
1410363
1410606
1411451
1411919
1413576
1413871
1417451
1421622
1425895
1426273
1428580
1429953
1430111
1432070
1437254
1438304
1439496
1440159
1441530
1442186
1445917
1445932
1447302
1448100
1449974
1457954
1458973
1461328
1463519
1471682
1473806
1474513
1474550
1476483
1481360
1486312
1487496
1488847
1488956
1490257
1492394
1493016
1494310
1495535
1495725
1496021
1496462
1498769
1499686
1500416
1503061
1508719
1509527
1511387
1513050
1518161
1519977
1521017
1522985
1524632
1526905
1527271
1532589
1533974
1534147
1535270
1536276
1539063
1539225
1540449
1541013
1541579
1544692
1549905
1550438
1550572
1551633
1552419
1552519
1554230
1556616
1556921
1557120
1557386
1557774
1563923
1564144
1564315
1567694
1568684
1569166
1573568
1577635
1578856
1581115
1583880
1586194
1587062
1595596
1599340
1606648
1610803
1610952
1611067
1615925
1617192
1618053
1618376
1619231
1619354
1619929
1621555
1627355
1627424
1631072
1631534
1636397
1636887
1637184
1639714
1640850
1640855
1641914
1642924
1644225
1645601
1650883
1651196
1663049
1667729
1674216
1674242
1678417
1679244
1686132
1692222
1693881
1696632
1697816
1704761
1711071
1712704
1717117
1717901
1723856
1724459
1728476
1730060
1731882
1732172
1734884
1736122
1736822
1742886
1745027
1746995
1749790
1752953
1753652
1753788
1756292
1759092
1759326
1759362
1761706
1763594
1764351
1764800
1766748
1767163
1767949
1768724
1770501
1776974
1777210
1778212
1778935
1779558
1779986
1781076
1785341
1785971
1787955
1789740
1790020
1790739
1791625
1792567
1794771
1797347
1799457
1799957
1801600
1810998
1815838
1816431
1818235
1818680
1819147
1821690
1822563
1824563
1825237
1825671
1830599
1831531
1834304
1834485
1835496
1837744
1839317
1841544
1842001
1847864
1849221
1850315
1854129
1856419
1857717
1860795
1867996
1872745
1873406
1878466
1880918
1883325
1883898
1886756
1887076
1896031
1896478
1898129
1900771
1904930
1905653
1907258
1910488
1913413
1914521
1914930
1915586
1916784
1919428
1923720
1924316
1927279
1927455
1928608
1929802
1936997
1943406
1944660
1952898
1955898
1963942
1967240
1967917
1968352
1969348
1974062
1974740
1975138
1975448
1975833
1979803
1979985
1987160
1996377
1999766
1999798
2000680
2002814
2003725
2004176
2004685
2004874
2005065
2006228
2012344
2013571
2016523
2018049
2019021
2020590
2023107
2031158
2035919
2037708
2040233
2042267
2043982
2044860
2049648
2050132
2050452
2057829
2058794
2059811
2060912
2064127
2064745
2065665
2067063
2067719
2069355
2070188
2071301
2071420
2072806
2075296
2077253
2080577
2083053
2083346
2087551
2088974
2094755
2097884
2101382
2105055
2105375
2106506
2108377
2110220
2110778
2110927
2113827
2114746
2116618
2118379
2120997
2123743
2124748
2125198
2127853
2136271
2137132
2140834
2144835
2150510
2152473
2153445
2157226
2158034
2158587
2161432
2163746
2168555
2169352
2175980
2176841
2178837
2189396
2189491
2189587
2189688
2189786
2189883
2189979
2190077
2190080
2190182
2190377
2190469
2190562
2190632
2190660
2190755
2190849
2190942
2191040
2191139
2191336
2191427
2191519
2191616
2191710
2191803
2191895
2191992
2192090
2192284
2192376
2192469
2192567
2192662
2192756
2192849
2192947
2193046
2193194
2193249
2193346
2193444
2193547
2193647
2193746
2193844
2194051
2194255
2194351
2194448
2194550
2194649
2194747
2194844
2194946
2195049
2195234
2195328
2195423
2195523
2195620
2195716
2195811
2195911
2196012
2196211
2196333
2196439
2196543
2196769
2196891
2197007
2197130
2197244
2197364
2197476
2197595
2197708
2197828
2197944
2198069
2198187
2198302
2198409
2198520
2199590
2202146
2202307
2202443
2202712
2202979
2203123
2203362
2203373
2203500
2203763
2203868
2204131
2204237
2204692
2204716
2205272
2205610
2205725
2205838
2206270
2208030
2210855
2212825
2213690
2214736
2217452
2218834
2219144
2219660
2219988
2220207
2222318
2225492
2225510
2228698
2230247
2231502
2231661
2232190
2238085
2246637
2249337
2249766
2251212
2251743
2254155
2256109
2257370
2257767
2258249
2258972
2260362
2262542
2264366
2264807
2265015
2265386
2267060
2267164
2267308
2267686
2268133
2268268
2269286
2269635
2269794
2271544
2274537
2281093
2282376
2283525
2285629
2287789
2291843
2294122
2295550
2303575
2303754
2304987
2309668
2309971
2315461
2315648
2316304
2316868
2317145
2321009
2323902
2324397
2324478
2324781
2327200
2329401
2331262
2333453
2335828
2336449
2339413
2343110
2343517
2348568
2350353
2354537
2355521
2356820
2360448
2362178
2363614
2367363
2371718
2372118
2373599
2374149
2376918
2376958
2378496
2382934
2388403
2391003
2391803
2395003
2397637
2398378
2400471
2401031
2402010
2406908
2408293
2408470
2416390
2418249
2418412
2423183
2424652
2426171
2427334
2431320
2431971
2434976
2435026
2435671
2436341
2436349
2436622
2439281
2439501
2439929
2440184
2441022
2443907
2446380
2449430
2450175
2450269
2450364
2450505
2450640
2451370
2451951
2452789
2452885
2462210
2468635
2469835
2469914
2469928
2471690
2471762
2472223
2475292
2475529
2475922
2480861
2480923
2481608
2482790
2484473
2487347
2489589
2491836
2494499
2495922
2498708
2501367
2505004
2506546
2506922
2510337
2510879
2511551
2512305
2512938
2514187
2515341
2516316
2518852
2521353
2522938
2523275
2524171
2527734
2529284
2533282
2536557
2540899
2542325
2542795
2542878
2545168
2546467
2546854
2547586
2552449
2554140
2554922
2556126
2558172
2559862
2560548
2560585
2561123
2566644
2568672
2568959
2571277
2579447
2586747
2586957
2591684
2591787
2592015
2592147
2594565
2594714
2595469
2595647
2595829
2601674
2603699
2604477
2604543
2604760
2605157
2609764
2612400
2612653
2617933
2618149
2619404
2620550
2620587
2621395
2621853
2622093
2623037
2623529
2623991
2627363
2627934
2628171
2629017
2629256
2629410
2630121
2630189
2631812
2632167
2632353
2632940
2633881
2636461
2640223
2640503
2641378
2641856
2641957
2642034
2642258
2644234
2645007
2646215
2646952
2647123
2647358
2647497
2647688
2647917
2648270
2649399
2649830
2652261
2654894
2655135
2655431
2656218
2656930
2657219
2658188
2659733
2660631
2662979
2664067
2664769
2664932
2664992
2665282
2665497
2665803
2666239
2666294
2666530
2666882
2667900
2669125
2669477
2669789
2673134
2673139
2673637
2673965
2676054
2676261
2677097
2677112
2679415
2679653
2679788
2679858
2679899
2680242
2680814
2681141
2681518
2681795
2682038
2683840
2684742
2685299
2685539
2685946
2686159
2687916
2688833
2689112
2689256
2693186
2693533
2694933
2697438
2697452
2697725
2698769
2700434
2700867
2702099
2703275
2704153
2704245
2704349
2705254
2707683
2708232
2708334
2708420
2708506
2708776
2709299
2709441
2709752
2709917
2712270
2712393
2712443
2713368
2714883
2715142
2715941
2716165
2716205
2716739
2716866
2717149
2717678
2717784
2717896
2718084
2718259
2718469
2718497
2718811
2718845
2719105
2719395
2719750
2720201
2720601
2720725
2721160
2721538
2721948
2722166
2722304
2722421
2722458
2722501
2722801
2723292
2723312
2723563
2724207
2725367
2725714
2726017
2726429
2726715
2727825
2732798
2733187
2733515
2735688
2735812
2736179
2736276
2736596
2736808
2739578
2739967
2740223
2741150
2743547
2744876
2744985
2745739
2746103
2746290
2746446
2748421
2748635
2749257
2749778
2750090
2750166
2750241
2751733
2760316
2761053
2761251
2761349
2762326
2763056
2764245
2766229
2766328
2766699
2766952
2767596
2768106
2768271
2770629
2771740
2773062
2774705
2774804
2777160
2777548
2783412
2783646
2783795
2784218
2785279
2785525
2785648
2785757
2786006
2786103
2786744
2787831
2790222
2791161
2792049
2793273
2793513
2794253
2796623
2796711
2797881
2799595
2799897
2800132
2801156
2802694
2803579
2804254
2804391
2804515
2811980
2814453
2815241
2817113
2821071
2821373
2821943
2822055
2823423
2823559
2826701
2828564
2830345
2830852
2831143
2831724
2831736
2832168
2832678
2833544
2837047
2837145
2838374
2838894
2841066
2841678
2842042
2843717
2843816
2844273
2844578
2848787
2851001
2852128
2852920
2853449
2855503
2856654
2856851
2856972
2860389
2861206
2861859
2862964
2863724
2867505
2868051
2868235
2868704
2868916
2869097
2869563
2871858
2873811
2874053
2874130
2874700
2875707
2876088
2876657
2876745
2876936
2877503
2879273
2880201
2881567
2881995
2882570
2882726
2882838
2882943
2883112
2883210
2883459
2883599
2883805
2884085
2885529
2885790
2885934
2886629
2887578
2888198
2888968
2889516
2890703
2892819
2893637
2893827
2893994
2894119
2894327
2894436
2894591
2894741
2895606
2896222
2897335
2897524
2897820
2897957
2898584
2900700
2902361
2903593
2903946
2904075
2904518
2905612
2906059
2907473
2908525
2908768
2908887
2911627
2912686
2912848
2913004
2913152
2913243
2913737
2913870
2914599
2914740
2914902
2914991
2916230
2916730
2916969
2917470
2917694
2917893
2918844
2920121
2926188
2926320
2927169
2930387
2932334
2932561
2932685
2933132
2933230
2933304
2933807
2933954
2934744
2934994
2935115
2935530
2935725
2938514
2939542
2940392
2940759
2941235
2941652
2942347
2943303
2943954
2944089
2944327
2944694
2944872
2945377
2945820
2946221
2947653
2947799
2948068
2948198
2948482
2948640
2949082
2949275
2949931
2951565
2954340
2955247
2956502
2956880
2958343
2974697
2974979
2975096
2975216
2975538
2975697
2976681
2978635
2979285
2981508
2982602
2982729
2982956
2983097
2983431
2984998
2985102
2985474
2985662
2986218
2987177
2987760
2987910
2992453
2994448
2996840
2997632
3000608
3001012
3002351
3005039
3005862
3007354
3007530
3007718
3008013
3008207
3008447
3008659
3009476
3009594
3009911
3010071
3010176
3010553
3010664
3011036
3011592
3011750
3011858
3011972
3012094
3012477
3012954
3013124
3013300
3014655
3014770
3014941
3018375
3019219
3019483
3019576
3019836
3021543
3039648
3039907
3044331
3051540
3054098
3054409
3054978
3063305
3063492
3063601
3065685
3069238
3072365
3072966
3076708
3079741
3080309
3081021
3085333
3085572
3088707
3089014
3091374
3091996
3092198
3093574
3094503
3095068
3096747
3096960
3097890
3097952
3099638
3099928
3100490
3101667
3101986
3103198
3103815
3104461
3110322
3110485
3110610
3110741
3111899
3112379
3121996
3122748
3124201
3124700
3126787
3127718
3128070
3128193
3129123
3133666
3141026
3141609
3142114
3142636
3143502
3144592
3157987
3178782
3180969
3183080
3196324
3198383
3202760
3203641
3210683
3211117
3214670
3234306
3247620
3248958
3253398
3264542
3265032
3269401
3278248
3285912
3290771
3294048
3299929
3302121
3302790
3309808
3322099
3322570
3323703
3329880
3343853
3365991
3368141
3391770
3405725
3414814
3419014
3446528
3472232
3479647
3492717
3496892
3497657
3510583
3519981
3522239
3525827
3526198
3536348
3550533
3562126
3562739
3563967
3570838
3574816
3575240
3582305
3620052
3641706
3656484
3659292
3664943
3666591
3666917
3667380
3670849
3673767
3676175
3679986
3681148
3699975
3709206
3713736
3733925
3736970
3739518
3739693
3740161
3748162
3748886
3763133
3763727
3764276
3771443
3783017
3786417
3789946
3791235
3800001
3808564
3808977
3809939
3816005
3827536
3828155
3828465
3829085
3834836
3839993
3848729
3851341
3851787
3852280
3853734
3859280
3872495
3892891
3894379
3910033
3910417
3915437
3917455
3920989
3924069
3925226
3926148
3931044
3940256
3953020
3961070
3971422
4007894
4008947
4013729
4013993
4014297
4017137
4019101
4039381
4048568
4049405
4050410
4069276
4074482
4076846
4081044
4100620
4103491
4105893
4157320
4161358
4161981
4166841
4169152
4176528
4181228
4188643
4217882
4230808
4233405
4262678
4267577
4298308
4306080
4320126
4339291
4339638
4340750
4341414
4341686
4347754
4352070
4353189
4359335
4359589
4362025
4364545
4365484
4377057
4379243
4397261
4402746
4416530
4423288
4424218
4437953
4447443
4451818
4470232
4482543
4489008
4490091
4493505
4505036
4508489
4521699
4522421
4522904
4528630
4531098
4537602
4544979
4571088
4576211
4599396
4600912
4602044
4608567
4616059
4623113
4627000
4637923
4642596
4648207
4657876
4661706
4662951
4669247
4670022
4673965
4679549
4680285
4682462
4683453
4688246
4692157
4709253
4718563
4723816
4728068
4731497
4733640
4742535
4743605
4744814
4748836
4750940
4752221
4752530
4753455
4756172
4756635
4762633
4763925
4764412
4770535
4773351
4777852
4782878
4787763
4790449
4800359
4835724
4836268
4849241
4852088
4881829
4887129
4907269
4914292
4916342
4921011
4921754
4928903
4933544
4934546
4938228
4940146
4941325
4950126
4951373
4959672
4960079
4976952
4981139
4983122
4988666
4992163
4997988
4999401
5008227
5009170
5010627
5015117
5017230
5020358
5023233
5023741
5025935
5029706
5032565
5032918
5036394
5038593
5038959
5040275
5042871
5044673
5048123
5053688
5054863
5056490
5062748
5064037
5071027
5072911
5074774
5075602
5077146
5083328
5083905
5084201
5087297
5089947
5090441
5093581
5093890
5095691
5098942
5107765
5108740
5108947
5113133
5116953
5119367
5121418
5123416
5125377
5129201
5133287
5138208
5138488
5142180
5144079
5151088
5152150
5154517
5154676
5155821
5161436
5161614
5164521
5168261
5174653
5190804
5194151
5196375
5199286
5200169
5202497
5204637
5217859
5220461
5221895
5222790
5223370
5225090
5225602
5237227
5237755
5239808
5246511
5246796
5248181
5249636
5250659
5259240
5264913
5267548
5269901
5275651
5282746
5286536
5288091
5289297
5289601
5289861
5294606
5296775
5297523
5298729
5299178
5300231
5301392
5303402
5313679
5326900
5327134
5329735
5333259
5333777
5389939
5392744
5397468
5398023
5402091
5404728
5405946
5407119
5408684
5410315
5413241
5414534
5417975
5418717
5425910
5426243
5430628
5432736
5432948
5436752
5437785
5445668
5447599
5447757
5449268
5449959
5450888
5454070
5457973
5461816
5462315
5462674
5464104
5465567
5467054
5467432
5470189
5474346
5475681
5475878
5476256
5483677
5486510
5486920
5493303
5497363
5501711
5512139
5514717
5515670
5517578
5523269
5524430
5528060
5531161
5534712
5535484
5548726
5559908
5560244
5563034
5566097
5566504
5566919
5578251
5578911
5580416
5581349
5581514
5582859
5585665
5595083
5601758
5602132
5605944
5610008
5611302
5616246
5616786
5624042
5640433
5644922
5645597
5648247
5650329
5650579
5651971
5652926
5653575
5654362
5660268
5665146
5667196
5669934
5670710
5671325
5675130
5675905
5678932
5682570
5682950
5685363
5686481
5686955
5689249
5695554
5695806
5697135
5701944
5704266
5706954
5708432
5710020
5712076
5721180
5723210
5723563
5725378
5726345
5726596
5728678
5732756
5733583
5736149
5739043
5740300
5740560
5748054
5752544
5760202
5764197
5765159
5767733
5770664
5770926
5772356
5774614
5775081
5781800
5784831
5785067
5788149
5792010
5793000
5797597
5798043
5802185
5803379
5804793
5807306
5808557
5808794
5809192
5816287
5817396
5817845
5819149
5820620
5822746
5823932
5824739
5829480
5830059
5832264
5833840
5835747
5837957
5838765
5839024
5846054
5846355
5846932
5849040
5849789
5853636
5854150
5855125
5856066
5857459
5858936
5859630
5861067
5865998
5866653
5867413
5868954
5869584
5870365
5871362
5888929
5892096
5896733
5898568
5902545
5909921
5913275
5916739
5919034
5925366
5926676
5929008
5930736
5941423
5944958
5945642
5980875
5983801
5984287
5984584
5996646
5999797
6000400
6003682
6014730
6018022
6021247
6021499
6021761
6024936
6026276
6037298
6037666
6043075
6045562
6051542
6054700
6054892
6060049
6071426
6078327
6080522
6081833
6088995
6100236
6125041
6136258
6158346
6166748
6169932
6193203
6196284
6196584
6200178
6201136
6208021
6251781
6252138
6253140
6263369
6265272
6267145
6268096
6269130
6272290
6275634
6276697
6281295
6284225
6284777
6286395
6289250
6290637
6291318
6306233
6309383
6313651
6316048
6320801
6321702
6329506
6331803
6339416
6349220
6355894
6362953
6365467
6367107
6367571
6392001
6400510
6401328
6414372
6417598
6418693
6421301
6421685
6433249
6442405
6467007
6470073
6472025
6473563
6479665
6480506
6481320
6502378
6513366
6516955
6552984
6571538
6584891
6589574
6590210
6593803
6598915
6601327
6612266
6613686
6615026
6619065
6619428
6627006
6634376
6636259
6637824
6638868
6639674
6642138
6643408
6643763
6647206
6650070
6652242
6660942
6671484
6681177
6681551
6684383
6686736
6688274
6689297
6691442
6696483
6697703
6698252
6700447
6702458
6714976
6719579
6722453
6724763
6729499
6732169
6733939
6738281
6746580
6748969
6750804
6753299
6755568
6763273
6765044
6776138
6786629
6791372
6797169
6799260
6799897
6801740
6803636
6806469
6814870
6817782
6820964
6822198
6825399
6828818
6865345
6868043
6873252
6876309
6879180
6880249
6887726
6894544
6898352
6929618
6932537
6941644
6946823
6948761
6953731
6963951
6977434
6986894
6999233
6999802
7000195
7005158
7006951
7007684
7009946
7010821
7011209
7020895
7033245
7044917
7066659
7071483
7071942
7083732
7086518
7099271
7109196
7109847
7115021
7115684
7133701
7138085
7140659
7142566
7148192
7151380
7160883
7162194
7164546
7168131
7170753
7181935
7185325
7193184
7193958
7197021
7201365
7204401
7204911
7205946
7206096
7212190
7215377
7217349
7247071
7248801
7249426
7258332
7259772
7260623
7264925
7283608
7286014
7290905
7291312
7292694
7294019
7296190
7296428
7307754
7307895
7308889
7309781
7311115
7313241
7314427
7321772
7323922
7324673
7325190
7326557
7327805
7334490
7335716
7337390
7339329
7342049
7345593
7350192
7355491
7355887
7356676
7357388
7358060
7359599
7365849
7366289
7367812
7368256
7369604
7371293
7373277
7373803
7387509
7405893
7406350
7407777
7412092
7413899
7417644
7420770
7427337
7430211
7435273
7440979
7444668
7445480
7445896
7446404
7447641
7448717
7450842
7456188
7456638
7466557
7470671
7473441
7478169
7480068
7484265
7485475
7487955
7492516
7494363
7497473
7498854
7500159
7501545
7505676
7509572
7510495
7510923
7511080
7512147
7516354
7518132
7518261
7519253
7523905
7526757
7527352
7527656
7531105
7538965
7543288
7550369
7552087
7555184
7555863
7560652
7566340
7570720
7573696
7578363
7578879
7579076
7596684
7597145
7597365
7644706
7649854
7672135
7679356
7695965
7705711
7705931
7707451
7747055
7800740
7809368
7829412
7858595
7881800
7884567
7889510
7891726
7927197
7933274
7938149
7938773
7939382
7940552
7941170
7942152
7943480
7950920
7951464
7959269
7959943
7961016
7963711
7965085
7966140
7971582
7974025
7975026
7992450
7996689
7999699
8008335
8009834
8016900
8026904
8031020
8047032
8049401
8050385
8052549
8053576
8053905
8056231
8059870
8061042
8065093
8077292
8079319
8102402
8123167
8123696
8166552
8180190
8184861
8186047
8189659
8190292
8190754
8208016
8209687
8220714
8252602
8276342
8289449
8294696
8299493
8303504
8307589
8324514
8329453
8337324
8338847
8339454
8339939
8342039
8349916
8359949
8366202
8367880
8386555
8389297
8390511
8391387
8403787
8404373
8407839
8426461
8430568
8435388
8436759
8456993
8457976
8459252
8491027
8491826
8497294
8510666
8511241
8512259
8558963
8566028
8567235
8568978
8569165
8574314
8580803
8588294
8591680
8593130
8593262
8616311
8620061
8621598
8626283
8630039
8630985
8645963
8647945
8648322
8649345
8651247
8657249
8660339
8664443
8673395
8679972
8682575
8723006
8734385
8761868
8764107
8765890
8766988
8769645
8773679
8774227
8801678
8804319
8812166
8828432
8829317
8829533
8831004
8847694
8849753
8860123
8871007
8873622
8878708
8879028
8882365
8888676
8889191
8892971
8894456
8900535
8910668
8913434
8920381
8929922
8941426
8951077
8954611
8963369
8966408
8993871
8998560
9023321
9041785
9043052
9044862
9050730
9051726
9052652
9052835
9057311
9060768
9068444
9069862
9070487
9070793
9071690
9073584
9082540
9083390
9086173
9087599
9092497
9093608
9095751
9112282
9114128
9126305
9133010
9133895
9136182
9136582
9138935
9140148
9147964
9152944
9178821
9178999
9179776
9180259
9181557
9189411
9190918
9193282
9199341
9202285
9207288
9224911
9225146
9230768
9235894
9241247
9270894
9275473
9277538
9281777
9287415
9287968
9289709
9290777
9291513
9300306
9302616
9304465
9304750
9312645
9312843
9315159
9319456
9332770
9334396
9335240
9338013
9347208
9366017
9367203
9374886
9375891
9379111
9385911
9386422
9387222
9393605
9408412
9416076
9429387
9435965
9444100
9446115
9450163
9465459
9475292
9476331
9483738
9492123
9507756
9507909
9526606
9540430
9557289
9559769
9569142
9570522
9575548
9576548
9580125
9582616
9583723
9586553
9605289
9606527
9607280
9608709
9609561
9610660
9612848
9613191
9614315
9614684
9617867
9619824
9620078
9622049
9622302
9623038
9624168
9624980
9626238
9627906
9629752
9630641
9631129
9631463
9632274
9632518
9633969
9634494
9636339
9641757
9644820
9654687
9669125
9686536
9725229
9728403
9729530
9738708
9759069
9761403
9762821
9764201
9765278
9770949
9773962
9777353
9792555
9815790
9816771
9820263
9821831
9826204
9827683
9842047
9882007
9882716
9898892
9903153
9917593
9918248
9923673
9943239
9955781
9974648
9991867
9998101
10009276
10020890
10024362
10025730
10027246
10037385
10042300
10045713
10053004
10058585
10059162
10059582
10063461
10080869
10084181
10099375
10101634
10125786
10126708
10129825
10144838
10158756
10165109
10172793
10192926
10200365
10200781
10235549
10247044
10249459
10285938
10287213
10305802
10322238
10332385
10351874
10354898
10360747
10373801
10376523
10377021
10378412
10379758
10398033
10398624
10399491
10405694
10407726
10421016
10439851
10450303
10462860
10466918
10470779
10480253
10484858
10488309
10490141
10515194
10516016
10525134
10526927
10557854
10560637
10582154
10582746
10595164
10595647
10596899
10599354
10605985
10628644
10632576
10648237
10658501
10675876
10676877
10677713
10741590
10752093
10753546
10756433
10768585
10787470
10817935
10820163
10833425
10838997
10841657
10846400
10858164
10873783
10893433
10915862
10918834
10940315
10953605
10958182
10959664
10963467
10970718
10971852
10972985
10975796
10987565
11005780
11012300
11014212
11038657
11048109
11054034
11067047
11067604
11067885
11088622
11090884
11097625
11110617
11134895
11144604
11154174
11161412
11167792
11188613
11190183
11192195
11193058
11204276
11217072
11218776
11223294
11242321
11248777
11251788
11264614
11285282
11293805
11301809
11306297
11317519
11353195
11358863
11376565
11379336
11379536
11381684
11385126
11392368
11394848
11396667
11409059
11410625
11412592
11412727
11417672
11418750
11419404
11421401
11422597
11425580
11426530
11439690
11444117
11447319
11449002
11452218
11473954
11476430
11480698
11480930
11486178
11486708
11492833
11493266
11495041
11524662
11525955
11537327
11562747
11567411
11571907
11573660
11579418
11585340
11669335
11675842
11692265
11868814
12141495
12170585
12205694
12387633
12411461
12992868
13083586
13087625
13095685
13103136
13108841
13112664
13122364
13125117
13129165
13134947
13139647
13156083
13240514
13241600
13245626
13252973
13253612
13255145
13265011
13275288
13275847
13278375
13279262
13281275
13282007
13282550
13285176
13286801
13287984
13290002
13300555
13308999
13320168
13327896
13329641
13331778
13344071
13353607
13357178
13358549
13370669
13371489
13372961
13377268
13388245
13397174
13405962
13424865
13427078
13435152
13440063
13444703
13445296
13446390
13447361
13450862
13452347
13453160
13456715
13457378
13458571
13466586
13467916
13473097
13474290
13478525
13482330
13486838
13489037
13496972
13497135
13508333
13509528
13513747
13514314
13515958
13518963
13524399
13526110
13532886
13533470
13534954
13535261
13536794
13541167
13545382
13553916
13558490
13561719
13564910
13565379
13566212
13571580
13575869
13576101
13576355
13576982
13577171
13577934
13580415
13582013
13583478
13583724
13585429
13594585
13600404
13601596
13603065
13603305
13604718
13607985
13608319
13608598
13608788
13609507
13615235
13616054
13633375
13634615
13634784
13635108
13635336
13639927
13649268
13653902
13662703
13685678
13700233
13702102
13714184
13716084
13717155
13728499
13729428
13730756
13732295
13733167
13736799
13741022
13742573
13745420
13756125
13757724
13758296
13760316
13771404
13781670
13783038
13783581
13790712
13791389
13792579
13794417
13795489
13796779
13800801
13801424
13802920
13803782
13809207
13809920
13810818
13815152
13815742
13819207
13821570
13824815
13826959
13828075
13830305
13836371
13836841
13841213
13844690
13846199
13846546
13850304
13854649
13856574
13859043
13860793
13861050
13863186
13863771
13864763
13867641
13870805
13872975
13878306
13879320
13883346
13888491
13893786
13896369
13899200
13899404
13900287
13902048
13903079
13908021
13910384
13911429
13919685
13920429
13920835
13927383
13932421
13934274
13934596
13934900
13939892
13945919
13948441
13954253
13959931
13961642
13968547
13971065
13972797
13973490
13973990
13974317
13983147
13985818
13989627
13991823
13996300
13998576
14006179
14006945
14010148
14014621
14015731
14016361
14023236
14023997
14024882
14027674
14031108
14034177
14035298
14036203
14037619
14039534
14040660
14041256
14045507
14046202
14050143
14052046
14052403
14055623
14057371
14059928
14061805
14070360
14075199
14076126
14081375
14082595
14083790
14084502
14084880
14085708
14100769
14102631
14103288
14108324
14110411
14110674
14113228
14113798
14115914
14116321
14117805
14121276
14122053
14122235
14123044
14127211
14145095
14146273
14147627
14151139
14165544
14166118
14171682
14174549
14176895
14178913
14181713
14186340
14186541
14187378
14189204
14191037
14195315
14196405
14198200
14204950
14207561
14211294
14213199
14213512
14219661
14222112
14226056
14227218
14229912
14234074
14235200
14236226
14236743
14239425
14239918
14242337
14246359
14252320
14252864
14253124
14258609
14267841
14276936
14285662
14288235
14288871
14290881
14295248
14297696
14298815
14299637
14304060
14315071
14315192
14316714
14317720
14320394
14320984
14321469
14322699
14326607
14336539
14338942
14350292
14351321
14352890
14360459
14361664
14365950
14366759
14373582
14375890
14376855
14380140
14380473
14381416
14382238
14391660
14395018
14398067
14400677
14403107
14406573
14408086
14411243
14414294
14418395
14419164
14420954
14429985
14433587
14434681
14436875
14437552
14441825
14446652
14447525
14449126
14449405
14450691
14457041
14462666
14462946
14464203
14465048
14475661
14479615
14481929
14487184
14493145
14494893
14499262
14501726
14507951
14512817
14514039
14516501
14520518
14522265
14524849
14530061
14531772
14533203
14534696
14536438
14540765
14541044
14544335
14544672
14547369
14547643
14548343
14548913
14550797
14552802
14557898
14558226
14558599
14559208
14560612
14561618
14566129
14573196
14580897
14584765
14585519
14586258
14586769
14587688
14588219
14588492
14589223
14591635
14592610
14593874
14594708
14598383
14601829
14603497
14604959
14605787
14607521
14617189
14618253
14618834
14620895
14621446
14622893
14625458
14627081
14633206
14682133
14686352
14688500
14696793
14705533
14706749
14708720
14710501
14712692
14723628
14724264
14724436
14724645
14727670
14728724
14731135
14732116
14732946
14734348
14735953
14736972
14737847
14739004
14743046
14743582
14744841
14745635
14747338
14747587
14749794
14751417
14751863
14752057
14756039
14758842
14766364
14767996
14771088
14778019
14778436
14779550
14780040
14786479
14792703
14798450
14800277
14806838
14807410
14807558
14807737
14807929
14817592
14818238
14821043
14828193
14830364
14832193
14836127
14836642
14840755
14844693
14849367
14850483
14852450
14853392
14853947
14856263
14859344
14864360
14866889
14867858
14871968
14877585
14883206
14884120
14885088
14887305
14888310
14888884
14898470
14899152
14902141
14904359
14910440
14919948
14938907
14939230
14939900
14940100
14940386
14943950
14944888
14951377
14954284
14954601
14963916
14964367
14964590
14970136
14971234
14971519
14974264
14980215
14983143
14983774
14984378
14984973
14987695
14989820
14991712
14994004
14994328
14999106
14999913
15010703
15015501
15022171
15022776
15024240
15026716
15027189
15030481
15032376
15032661
15034074
15034741
15036638
15037339
15046900
15053867
15058023
15058310
15059939
15060131
15062057
15062778
15068635
15077571
15079925
15088440
15089472
15090379
15090742
15094294
15097017
15098161
15101361
15113229
15116532
15118228
15119536
15120823
15122011
15122231
15124545
15124713
15125097
15133621
15140892
15144371
15154774
15155220
15157225
15163157
15164957
15180528
15204983
15206744
15209706
15214068
15228378
15236475
15239292
15244650
15261658
15261868
15265518
15266685
15266911
15269513
15271008
15272029
15278281
15281176
15283097
15286249
15291801
$UNK$